0.0135654 0.0015358 0.0128929 0.0018901
0.0135657 0.0015357 0.012557 0.0020671
0.0135664 0.0015353 0.0122214 0.0022439
0.0135675 0.0015347 0.0118862 0.0024205
0.0135691 0.0015338 0.0115515 0.0025969
0.0135714 0.0015325 0.0112174 0.0027729
0.0135745 0.0015309 0.0108841 0.0029485
0.0135784 0.0015287 0.0105515 0.0031237
0.0135833 0.0015261 0.0102199 0.0032984
0.0135892 0.0015228 0.0098893 0.0034726
0.0135964 0.001519 0.0095598 0.0036462
0.0136048 0.0015144 0.0092315 0.0038191
0.0136146 0.0015091 0.0089046 0.0039914
0.013626 0.001503 0.0085791 0.0041629
0.0136389 0.001496 0.0082551 0.0043336
0.0136536 0.0014881 0.0079328 0.0045034
0.01367 0.0014792 0.0076122 0.0046723
0.0136884 0.0014694 0.0072934 0.0048402
0.0137089 0.0014584 0.0069766 0.0050072
0.0137314 0.0014463 0.0075946 0.0041957
0.0137559 0.0014334 0.0082145 0.0033834
0.0137821 0.0014199 0.0088361 0.0025706
0.0138099 0.0014061 0.0094591 0.0017573
0.013839 0.0013922 0.0100835 0.000944
0.0138693 0.0013785 0.010709 0.0001308
0.0139005 0.0013653 0.0113355 -0.0006818
0.0139326 0.0013529 0.0119627 -0.001494
0.0139653 0.0013414 0.0125906 -0.0023053
0.0139983 0.0013312 0.0132188 -0.0031155
0.0140316 0.0013225 0.0138473 -0.0039244
0.014065 0.0013155 0.0144758 -0.0047316
0.0140982 0.0013106 0.0151042 -0.005537
0.014131 0.001308 0.0157323 -0.0063403
0.0141634 0.0013078 0.0163599 -0.0071413
0.014195 0.0013105 0.0169868 -0.0079397
0.0142258 0.0013162 0.0176129 -0.0087354
0.0142555 0.0013252 0.0182379 -0.0095279
0.0142839 0.0013377 0.0188617 -0.0103172
0.0143109 0.0013541 0.0194841 -0.0111029
0.0143363 0.0013744 0.019308 -0.0109201
0.0143601 0.0013987 0.0191303 -0.0107335
0.0143824 0.001427 0.0189512 -0.0105432
0.0144033 0.0014592 0.0187707 -0.0103493
0.0144228 0.0014953 0.0185888 -0.0101518
0.0144409 0.0015351 0.0184057 -0.0099508
0.0144579 0.0015787 0.0182214 -0.0097463
0.0144736 0.001626 0.0180359 -0.0095384
0.0144882 0.001677 0.0178493 -0.009327
0.0145018 0.0017316 0.0176617 -0.0091124
0.0145143 0.0017897 0.0174731 -0.0088945
0.0145259 0.0018514 0.0172836 -0.0086733
0.0145366 0.0019166 0.0170932 -0.0084489
0.0145465 0.0019852 0.0169021 -0.0082214
0.0145557 0.0020572 0.0167102 -0.0079909
0.0145642 0.0021326 0.0165176 -0.0077573
0.014572 0.0022112 0.0163245 -0.0075207
0.0145792 0.0022932 0.0161308 -0.0072812
0.014586 0.0023783 0.0159366 -0.0070388
0.0145923 0.0024666 0.015742 -0.0067935
0.0145982 0.002558 0.0156701 -0.0067309
0.0146038 0.0026525 0.0155979 -0.0066655
0.014609 0.0027502 0.0155254 -0.0065973
0.0146139 0.002851 0.0154526 -0.0065263
0.0146186 0.0029549 0.0153796 -0.0064525
0.014623 0.0030619 0.0153063 -0.0063759
0.0146272 0.0031721 0.0152327 -0.0062964
0.0146312 0.0032854 0.015159 -0.0062142
0.014635 0.0034019 0.0150851 -0.0061291
0.0146387 0.0035215 0.015011 -0.0060411
0.0146423 0.0036443 0.0149368 -0.0059503
0.0146457 0.0037702 0.0148625 -0.0058567
0.0146492 0.0038994 0.0147881 -0.0057602
0.0146525 0.0040318 0.0147137 -0.0056608
0.0146559 0.0041674 0.0146392 -0.0055585
0.0146593 0.0043062 0.0145647 -0.0054534
0.0146628 0.0044483 0.0144902 -0.0053454
0.0146663 0.0045936 0.0144158 -0.0052345
0.01467 0.0047422 0.0143414 -0.0051207
0.0146737 0.0048941 0.0142671 -0.005004
0.0146777 0.0050493 0.0142217 -0.0049851
0.0146818 0.0052079 0.0141765 -0.0049633
0.0146861 0.0053698 0.0141313 -0.0049385
0.0146906 0.0055351 0.0140864 -0.0049107
0.0146954 0.0057039 0.0140416 -0.0048798
0.0147004 0.0058762 0.0139969 -0.0048459
0.0147057 0.006052 0.0139525 -0.0048088
0.0147112 0.0062314 0.0139083 -0.0047685
0.0147171 0.0064145 0.0138643 -0.004725
0.0147233 0.0066011 0.0138205 -0.0046783
0.0147298 0.0067915 0.013777 -0.0046283
0.0147367 0.0069856 0.0137338 -0.004575
0.0147439 0.0071835 0.0136908 -0.0045183
0.0147516 0.0073853 0.0136481 -0.0044583
0.0147596 0.0075909 0.0136058 -0.0043948
0.014768 0.0078004 0.0135637 -0.0043278
0.0147769 0.0080138 0.013522 -0.0042574
0.0147863 0.0082313 0.0134807 -0.0041834
0.0147961 0.0084528 0.0134397 -0.0041059
0.0148063 0.0086783 0.0133991 -0.0040247
0.0148171 0.008908 0.0133537 -0.0040376
0.0148284 0.0091419 0.0133087 -0.0040468
0.0148402 0.00938 0.0132642 -0.0040521
0.0148525 0.0096224 0.0132201 -0.0040537
0.0148654 0.0098693 0.0131764 -0.0040513
0.0148789 0.0101206 0.0131333 -0.004045
0.0148929 0.0103764 0.0130906 -0.0040346
0.0149076 0.0106367 0.0130485 -0.0040201
0.0149228 0.0109018 0.0130068 -0.0040014
0.0149387 0.0111715 0.0129658 -0.0039784
0.0149552 0.011446 0.0129252 -0.0039512
0.0149724 0.0117253 0.0128853 -0.0039196
0.0149902 0.0120095 0.012846 -0.0038835
0.0150087 0.0122987 0.0128072 -0.0038429
0.0150279 0.012593 0.0127691 -0.0037977
0.0150478 0.0128923 0.0127317 -0.0037479
0.0150684 0.0131969 0.0126948 -0.0036934
0.0150898 0.0135066 0.0126587 -0.0036341
0.0151119 0.0138217 0.0126233 -0.0035699
0.0151348 0.0141421 0.0125885 -0.0035009
0.0151584 0.014468 0.012525 -0.0035864
0.0151828 0.0147994 0.0124623 -0.0036668
0.0152081 0.0151366 0.0124003 -0.0037421
0.0152341 0.0154795 0.0123391 -0.003812
0.015261 0.0158283 0.0122788 -0.0038765
0.0152888 0.0161831 0.0122193 -0.0039354
0.0153175 0.016544 0.0121607 -0.0039886
0.0153471 0.0169112 0.0121029 -0.0040361
0.0153776 0.0172846 0.0120461 -0.0040777
0.0154091 0.0176645 0.0119903 -0.0041132
0.0154415 0.018051 0.0119354 -0.0041426
0.015475 0.018444 0.0118815 -0.0041658
0.0155094 0.0188439 0.0118287 -0.0041826
0.0155449 0.0192506 0.0117769 -0.004193
0.0155814 0.0196643 0.0117262 -0.0041967
0.015619 0.0200851 0.0116766 -0.0041938
0.0156577 0.0205132 0.0116281 -0.004184
0.0156975 0.0209485 0.0115808 -0.0041673
0.0157384 0.0213913 0.0115346 -0.0041435
0.0157805 0.0218417 0.0114896 -0.0041126
0.0158237 0.0222997 0.0114173 -0.0042679
0.0158681 0.0227655 0.0113463 -0.0044158
0.0159138 0.0232394 0.0112765 -0.0045561
0.0159607 0.0237215 0.0112081 -0.0046885
0.0160089 0.024212 0.011141 -0.004813
0.0160583 0.024711 0.0110754 -0.0049293
0.0161091 0.0252186 0.0110111 -0.0050373
0.0161612 0.0257351 0.0109484 -0.0051368
0.0162147 0.0262606 0.0108871 -0.0052276
0.0162696 0.0267953 0.0108274 -0.0053096
0.0163259 0.0273393 0.0107692 -0.0053826
0.0163836 0.0278928 0.0107127 -0.0054463
0.0164429 0.0284559 0.0106577 -0.0055007
0.0165036 0.0290289 0.0106045 -0.0055456
0.0165659 0.0296119 0.0105529 -0.0055808
0.0166297 0.0302051 0.0105031 -0.005606
0.0166951 0.0308087 0.0104551 -0.0056213
0.0167621 0.0314229 0.0104088 -0.0056262
0.0168307 0.0320478 0.0103644 -0.0056208
0.016901 0.0326836 0.0103219 -0.0056048
0.016973 0.0333303 0.0102452 -0.0007113
0.0170467 0.0339868 0.0101704 0.0041915
0.0171222 0.0346516 0.0100977 0.0091025
0.0171994 0.0353236 0.010027 0.0140204
0.0172784 0.0360014 0.0099583 0.0189438
0.0173593 0.0366835 0.0098918 0.0238715
0.0174421 0.0373687 0.0098275 0.0288021
0.0175267 0.0380556 0.0097654 0.0337343
0.0176133 0.0387429 0.0097056 0.0386669
0.0177019 0.0394291 0.0096481 0.0435984
0.0177924 0.040113 0.0095929 0.0485277
0.017885 0.0407932 0.0095401 0.0534534
0.0179797 0.0414683 0.0094898 0.0583742
0.0180765 0.042137 0.009442 0.0632888
0.0181753 0.042798 0.0093967 0.0681959
0.0182764 0.0434499 0.009354 0.0730942
0.0183796 0.0440913 0.0093139 0.0779824
0.0184851 0.0447209 0.0092764 0.0828592
0.0185928 0.0453372 0.0092417 0.0877233
0.0187027 0.045939 0.0092098 0.0925733
0.0188149 0.0465253 0.0091316 0.0923928
0.0189295 0.0470959 0.0090563 0.0921973
0.0190465 0.0476511 0.0089839 0.0919868
0.0191658 0.0481913 0.0089145 0.0917616
0.0192877 0.0487166 0.0088482 0.091522
0.019412 0.0492272 0.0087849 0.0912682
0.0195388 0.0497232 0.0087249 0.0910004
0.0196681 0.0502049 0.008668 0.0907187
0.0198 0.0506724 0.0086144 0.0904235
0.0199345 0.0511259 0.0085642 0.090115
0.0200716 0.0515654 0.0085174 0.0897933
0.0202112 0.0519912 0.008474 0.0894587
0.0203535 0.0524035 0.0084341 0.0891114
0.0204984 0.0528023 0.0083979 0.0887516
0.0206459 0.0531878 0.0083652 0.0883795
0.020796 0.0535602 0.0083363 0.0879955
0.0209488 0.0539197 0.0083111 0.0875995
0.0211043 0.0542664 0.0082898 0.087192
0.0212625 0.0546005 0.0082723 0.0867731
0.0214233 0.0549222 0.0082588 0.0863431
0.021587 0.0552317 0.0081136 0.08622
0.0217535 0.0555292 0.0079724 0.0860861
0.0219232 0.0558149 0.0078355 0.0859416
0.0220961 0.056089 0.0077028 0.0857864
0.0222725 0.0563517 0.0075746 0.0856208
0.0224524 0.056603 0.0074509 0.0854448
0.022636 0.0568431 0.0073318 0.0852587
0.0228235 0.0570721 0.0072174 0.0850624
0.0230148 0.05729 0.0071078 0.0848562
0.0232102 0.057497 0.0070031 0.0846401
0.0234097 0.0576931 0.0069034 0.0844143
0.0236135 0.0578783 0.0068088 0.0841789
0.0238216 0.0580529 0.0067194 0.0839341
0.0240341 0.0582168 0.0066354 0.0836799
0.0242511 0.0583702 0.0065567 0.0834164
0.0244728 0.0585132 0.0064836 0.0831438
0.0246993 0.0586459 0.0064161 0.0828623
0.0249306 0.0587683 0.0063543 0.0825718
0.025167 0.0588807 0.0062983 0.0822727
0.0254085 0.0589832 0.0062483 0.0819649
0.0256554 0.0590758 0.0063548 0.0820625
0.0259076 0.0591588 0.0064675 0.0821516
0.0261654 0.0592323 0.0065862 0.0822322
0.0264289 0.0592962 0.0067112 0.0823044
0.0266981 0.0593506 0.0068424 0.082368
0.0269733 0.0593957 0.0069799 0.082423
0.0272545 0.0594312 0.0071237 0.0824696
0.0275419 0.0594573 0.007274 0.0825076
0.0278356 0.059474 0.0074307 0.0825371
0.0281356 0.0594812 0.0075939 0.0825581
0.0284421 0.059479 0.0077637 0.0825706
0.0287552 0.0594673 0.0079401 0.0825745
0.0290749 0.0594462 0.0081232 0.0825698
0.0294015 0.0594157 0.0083131 0.0825567
0.0297349 0.0593758 0.0085097 0.082535
0.0300753 0.0593266 0.0087132 0.0825047
0.0304227 0.0592681 0.0089236 0.0824659
0.0307774 0.0592002 0.0091409 0.0824185
0.0311394 0.0591231 0.0093653 0.0823625
0.0315087 0.0590368 0.0095967 0.082298
0.0318856 0.0589412 0.0097717 0.0825944
0.0322701 0.0588364 0.0099539 0.0828822
0.0326623 0.0587222 0.0101434 0.0831611
0.0330624 0.0585986 0.0103402 0.0834311
0.0334704 0.0584654 0.0105445 0.0836921
0.0338865 0.0583225 0.0107562 0.0839439
0.0343109 0.0581697 0.0109756 0.0841865
0.0347436 0.058007 0.0112025 0.0844197
0.0351849 0.0578342 0.0114372 0.0846434
0.0356348 0.0576511 0.0116797 0.0848575
0.0360936 0.0574578 0.01193 0.0850619
0.0365613 0.057254 0.0121883 0.0852565
0.037038 0.0570398 0.0124546 0.0854411
0.037524 0.0568149 0.012729 0.0856156
0.0380193 0.0565794 0.0130116 0.0857799
0.038524 0.0563332 0.0133024 0.085934
0.0390383 0.0560761 0.0136016 0.0860776
0.0395624 0.0558081 0.0139091 0.0862107
0.0400963 0.0555291 0.0142251 0.0863332
0.0406401 0.055239 0.0145496 0.0864449
0.0411941 0.0549376 0.0146535 0.08664
0.0417582 0.0546248 0.0147661 0.0868241
0.0423327 0.0543005 0.0148877 0.086997
0.0429176 0.0539645 0.0150183 0.0871587
0.0435132 0.0536165 0.0151581 0.0873088
0.0441195 0.0532565 0.0153072 0.0874474
0.0447368 0.0528842 0.0154658 0.0875742
0.0453653 0.0524994 0.015634 0.0876892
0.0460053 0.0521019 0.015812 0.0877921
0.0466568 0.0516915 0.0159999 0.0878829
0.0473201 0.0512681 0.0161978 0.0879613
0.0479955 0.0508315 0.016406 0.0880272
0.0486831 0.0503817 0.0166245 0.0880806
0.049383 0.0499183 0.0168535 0.0881212
0.0500956 0.0494413 0.0170931 0.0881489
0.050821 0.0489506 0.0173435 0.0881636
0.0515594 0.0484459 0.0176048 0.088165
0.0523109 0.0479272 0.0178772 0.0881532
0.0530757 0.0473942 0.0181608 0.0881279
0.053854 0.0468468 0.0184558 0.0880889
0.054646 0.0462848 0.0184523 0.088134
0.0554518 0.0457081 0.0184605 0.0881652
0.0562715 0.0451165 0.0184807 0.0881823
0.0571054 0.0445098 0.0185131 0.0881851
0.0579536 0.0438878 0.018558 0.0881734
0.0588163 0.0432502 0.0186156 0.0881471
0.0596939 0.0425968 0.018686 0.088106
0.0605865 0.0419274 0.0187697 0.0880499
0.0614945 0.0412418 0.0188667 0.0879786
0.062418 0.0405397 0.0189774 0.0878921
0.0633574 0.0398208 0.019102 0.08779
0.0643128 0.0390851 0.0192407 0.0876723
0.0652846 0.0383321 0.0193938 0.0875387
0.066273 0.0375619 0.0195614 0.0873891
0.0672782 0.036774 0.0197439 0.0872233
0.0683005 0.0359684 0.0199414 0.0870411
0.06934 0.0351448 0.0201543 0.0868424
0.0703971 0.034303 0.0203827 0.0866269
0.0714718 0.0334428 0.0206269 0.0863946
0.0725645 0.032564 0.0208871 0.0861452
0.0736752 0.0316664 0.0204978 0.0862355
0.0748044 0.0307498 0.0201252 0.0863082
0.0759524 0.029814 0.0197698 0.0863631
0.0771194 0.0288589 0.0194319 0.0863999
0.0783059 0.027884 0.0191121 0.0864184
0.0795122 0.0268893 0.0188107 0.0864182
0.0807388 0.0258743 0.0185282 0.086399
0.081986 0.0248389 0.0182651 0.0863607
0.0832543 0.0237826 0.0180217 0.0863029
0.0845441 0.0227053 0.0177986 0.0862253
0.0858558 0.0216065 0.0175962 0.0861276
0.0871898 0.020486 0.0174148 0.0860096
0.0885466 0.0193435 0.017255 0.0858709
0.0899265 0.0181786 0.0171172 0.0857114
0.0913301 0.0169911 0.0170018 0.0855306
0.0927578 0.0157806 0.0169093 0.0853284
0.0942099 0.0145467 0.0168401 0.0851045
0.095687 0.0132893 0.0167947 0.0848584
0.0971895 0.012008 0.0167734 0.0845901
0.0987177 0.0107026 0.0167768 0.0842992
0.100272 0.0093734 0.0264704 0.0745723
0.101849 0.0080226 0.0361867 0.0648251
0.103447 0.0066529 0.045923 0.0550601
0.105064 0.0052671 0.0556769 0.04528
0.106696 0.0038679 0.0654458 0.0354873
0.108341 0.002458 0.0752274 0.0256847
0.109996 0.00104 0.0850191 0.0158745
0.111659 -0.0003834 0.0948184 0.0060596
0.113328 -0.0018095 0.104623 -0.0037576
0.115 -0.0032357 0.11443 -0.0135745
0.116671 -0.0046594 0.124237 -0.0233885
0.11834 -0.0060778 0.134042 -0.0331972
0.120004 -0.0074883 0.143842 -0.0429977
0.12166 -0.0088882 0.153634 -0.0527877
0.123306 -0.0102749 0.163417 -0.0625645
0.124939 -0.0116456 0.173187 -0.0723255
0.126557 -0.0129977 0.182943 -0.0820682
0.128157 -0.0143285 0.192681 -0.09179
0.129736 -0.0156353 0.2024 -0.101488
0.131291 -0.0169153 0.212096 -0.11116
0.132821 -0.0181667 0.211756 -0.110648
0.134326 -0.0193892 0.211393 -0.110108
0.135806 -0.0205834 0.211006 -0.10954
0.137261 -0.02175 0.210595 -0.108945
0.138692 -0.0228893 0.210162 -0.108323
0.1401 -0.0240018 0.209707 -0.107675
0.141485 -0.025088 0.20923 -0.107001
0.142848 -0.0261484 0.208732 -0.106303
0.144188 -0.0271833 0.208214 -0.10558
0.145506 -0.0281934 0.207676 -0.104833
0.146803 -0.029179 0.207119 -0.104062
0.148079 -0.0301405 0.206542 -0.103268
0.149335 -0.0310783 0.205948 -0.102452
0.15057 -0.031993 0.205336 -0.101613
0.151785 -0.032885 0.204706 -0.100753
0.152982 -0.0337546 0.20406 -0.0998725
0.154159 -0.0346024 0.203398 -0.0989711
0.155317 -0.0354289 0.20272 -0.0980496
0.156457 -0.0362344 0.202027 -0.0971087
0.15758 -0.0370194 0.20132 -0.0961487
0.158685 -0.0377845 0.20102 -0.0960449
0.159773 -0.0385298 0.200707 -0.0959229
0.160845 -0.0392558 0.200381 -0.0957829
0.161902 -0.0399628 0.200042 -0.0956251
0.162943 -0.0406509 0.199691 -0.0954498
0.16397 -0.0413205 0.199327 -0.0952572
0.164983 -0.0419717 0.198953 -0.0950476
0.165982 -0.0426048 0.198568 -0.0948212
0.166967 -0.04322 0.198171 -0.0945783
0.167939 -0.0438174 0.197765 -0.094319
0.168899 -0.0443973 0.197349 -0.0940437
0.169846 -0.0449597 0.196924 -0.0937526
0.170781 -0.0455051 0.19649 -0.0934459
0.171705 -0.0460334 0.196047 -0.0931239
0.172617 -0.0465449 0.195596 -0.0927868
0.173518 -0.0470399 0.195138 -0.0924348
0.174408 -0.0475185 0.194672 -0.0920682
0.175289 -0.0479809 0.1942 -0.0916873
0.176159 -0.0484274 0.193721 -0.0912922
0.177021 -0.0488582 0.193236 -0.0908833
0.177874 -0.0492736 0.193463 -0.0909473
0.178718 -0.0496738 0.193683 -0.0909977
0.179555 -0.0500589 0.193899 -0.0910347
0.180384 -0.0504291 0.19411 -0.0910584
0.181206 -0.0507846 0.194316 -0.0910687
0.182022 -0.0511255 0.194517 -0.0910659
0.182831 -0.0514518 0.194715 -0.0910501
0.183634 -0.0517637 0.194907 -0.0910212
0.184431 -0.0520612 0.195096 -0.0909795
0.185222 -0.0523444 0.195281 -0.090925
0.186009 -0.0526135 0.195463 -0.0908578
0.18679 -0.0528684 0.195641 -0.090778
0.187566 -0.0531094 0.195816 -0.0906857
0.188338 -0.0533365 0.195989 -0.090581
0.189107 -0.0535499 0.196158 -0.0904639
0.18987 -0.0537496 0.196325 -0.0903347
0.190631 -0.0539359 0.196489 -0.0901933
0.191388 -0.0541087 0.196651 -0.0900399
0.192143 -0.0542683 0.196811 -0.0898745
0.192894 -0.0544147 0.19697 -0.0896973
0.193644 -0.0545482 0.197533 -0.0900029
0.194391 -0.0546686 0.198095 -0.0902967
0.195136 -0.054776 0.198656 -0.0905787
0.19588 -0.0548704 0.199215 -0.0908487
0.196622 -0.0549518 0.199773 -0.0911067
0.197362 -0.05502 0.200329 -0.0913528
0.198102 -0.0550749 0.200885 -0.0915867
0.19884 -0.0551166 0.20144 -0.0918085
0.199577 -0.055145 0.201993 -0.0920181
0.200314 -0.05516 0.202546 -0.0922155
0.20105 -0.0551616 0.203098 -0.0924005
0.201786 -0.0551497 0.203649 -0.0925732
0.202521 -0.0551244 0.2042 -0.0927334
0.203257 -0.0550857 0.20475 -0.0928812
0.203992 -0.0550335 0.205299 -0.0930165
0.204729 -0.0549678 0.205848 -0.0931392
0.205465 -0.0548887 0.206397 -0.0932492
0.206203 -0.0547961 0.206945 -0.0933465
0.206941 -0.0546899 0.207493 -0.0934311
0.20768 -0.0545703 0.208041 -0.0935029
0.208421 -0.054437 0.208447 -0.0938087
0.209162 -0.0542901 0.208853 -0.0941015
0.209905 -0.0541294 0.209259 -0.0943811
0.21065 -0.0539547 0.209666 -0.0946475
0.211396 -0.053766 0.210073 -0.0949006
0.212144 -0.0535629 0.21048 -0.0951401
0.212894 -0.0533453 0.210888 -0.0953659
0.213647 -0.0531132 0.211297 -0.095578
0.214401 -0.0528662 0.211707 -0.0957762
0.215158 -0.0526044 0.212118 -0.0959603
0.215918 -0.0523274 0.21253 -0.0961303
0.21668 -0.0520353 0.212943 -0.0962859
0.217446 -0.051728 0.213357 -0.0964271
0.218215 -0.0514052 0.213774 -0.0965538
0.218988 -0.051067 0.214191 -0.0966658
0.219765 -0.0507131 0.214611 -0.0967629
0.220545 -0.0503436 0.215032 -0.0968451
0.221329 -0.0499581 0.215456 -0.0969122
0.222118 -0.0495568 0.215881 -0.0969641
0.222912 -0.0491392 0.216309 -0.0970006
0.223709 -0.0487055 0.216533 -0.0971646
0.224512 -0.0482553 0.216761 -0.0973129
0.225319 -0.0477885 0.216991 -0.0974453
0.226131 -0.0473049 0.217224 -0.0975618
0.226948 -0.0468042 0.21746 -0.0976621
0.227771 -0.0462863 0.217699 -0.0977461
0.228598 -0.0457509 0.217942 -0.0978135
0.229432 -0.0451978 0.218188 -0.0978643
0.23027 -0.0446268 0.218438 -0.0978981
0.231115 -0.0440375 0.218692 -0.0979149
0.231966 -0.0434299 0.218951 -0.0979145
0.232824 -0.0428037 0.219213 -0.0978968
0.233688 -0.0421587 0.21948 -0.0978614
0.234559 -0.0414947 0.219752 -0.0978083
0.235436 -0.0408115 0.220029 -0.0977373
0.236321 -0.0401088 0.220311 -0.0976482
0.237214 -0.0393866 0.220598 -0.0975408
0.238114 -0.0386446 0.22089 -0.097415
0.239021 -0.0378825 0.221188 -0.0972706
0.239936 -0.0371002 0.221492 -0.0971074
0.24086 -0.0362976 0.221263 -0.0972126
0.241791 -0.0354743 0.22104 -0.0972987
0.242731 -0.0346302 0.220824 -0.0973652
0.24368 -0.0337651 0.220615 -0.097412
0.244637 -0.0328788 0.220414 -0.0974388
0.245604 -0.031971 0.22022 -0.0974454
0.24658 -0.0310413 0.220034 -0.0974314
0.247565 -0.0300897 0.219856 -0.0973966
0.248561 -0.0291157 0.219687 -0.0973408
0.249567 -0.028119 0.219528 -0.0972636
0.250583 -0.0270994 0.219377 -0.0971649
0.251611 -0.0260566 0.219237 -0.0970443
0.25265 -0.0249903 0.219106 -0.0969017
0.2537 -0.0239002 0.218987 -0.0967367
0.254762 -0.022786 0.218877 -0.096549
0.255837 -0.0216473 0.218779 -0.0963385
0.256924 -0.0204839 0.218693 -0.0961049
0.258023 -0.0192955 0.218618 -0.0958478
0.259136 -0.0180818 0.218556 -0.0955671
0.260263 -0.0168427 0.218506 -0.0952625
0.261402 -0.0155784 0.224426 -0.0854832
0.262554 -0.0142911 0.230356 -0.0756824
0.263717 -0.0129837 0.236297 -0.0658626
0.264889 -0.0116589 0.242246 -0.0560265
0.266068 -0.0103194 0.248203 -0.0461765
0.267253 -0.008968 0.254165 -0.0363155
0.268442 -0.0076073 0.26013 -0.0264459
0.269634 -0.0062401 0.266099 -0.0165704
0.270828 -0.0048689 0.272069 -0.0066915
0.272022 -0.0034966 0.278038 0.0031879
0.273214 -0.0021258 0.284006 0.0130656
0.274403 -0.0007592 0.289971 0.0229387
0.275587 0.0006004 0.29593 0.0328048
0.276765 0.0019505 0.301884 0.0426611
0.277935 0.0032884 0.30783 0.0525051
0.279095 0.0046112 0.313767 0.0623342
0.280245 0.0059163 0.319694 0.0721457
0.281383 0.0072009 0.325609 0.081937
0.282506 0.0084623 0.33151 0.0917056
0.283614 0.0096979 0.337396 0.101449
0.284706 0.0109055 0.337186 0.100948
0.28578 0.012085 0.336961 0.100419
0.286838 0.013237 0.33672 0.0998631
0.28788 0.014362 0.336464 0.0992809
0.288907 0.0154604 0.336193 0.0986726
0.289918 0.0165327 0.335907 0.0980389
0.290914 0.0175794 0.335608 0.0973801
0.291895 0.0186009 0.335294 0.0966968
0.292862 0.0195977 0.334968 0.0959895
0.293814 0.0205701 0.334628 0.0952587
0.294753 0.0215187 0.334276 0.0945048
0.295678 0.0224437 0.333912 0.0937284
0.29659 0.0233457 0.333536 0.0929299
0.297488 0.0242251 0.333149 0.0921099
0.298374 0.0250822 0.33275 0.0912688
0.299247 0.0259175 0.332341 0.0904072
0.300108 0.0267315 0.331921 0.0895254
0.300957 0.0275245 0.331492 0.0886241
0.301795 0.0282971 0.331054 0.0877037
0.30262 0.0290496 0.330606 0.0867647
0.303435 0.0297824 0.330396 0.086637
0.304239 0.0304961 0.330178 0.0864913
0.305033 0.0311908 0.329952 0.0863281
0.305817 0.0318668 0.329719 0.0861474
0.306591 0.0325245 0.329477 0.0859497
0.307356 0.033164 0.329229 0.085735
0.308113 0.0337856 0.328973 0.0855038
0.308861 0.0343896 0.328711 0.0852561
0.309601 0.034976 0.328443 0.0849922
0.310333 0.0355451 0.328169 0.0847125
0.311057 0.0360971 0.327889 0.084417
0.311774 0.0366323 0.327604 0.0841061
0.312484 0.0371506 0.327314 0.0837801
0.313186 0.0376525 0.327019 0.083439
0.313883 0.0381381 0.32672 0.0830833
0.314573 0.0386075 0.326416 0.0827131
0.315257 0.0390611 0.326109 0.0823287
0.315935 0.039499 0.325798 0.0819303
0.316608 0.0399215 0.325484 0.0815182
0.317276 0.0403287 0.325167 0.0810925
0.317939 0.0407211 0.32536 0.0811857
0.318598 0.0410987 0.32555 0.0812657
0.319253 0.0414617 0.325738 0.0813326
0.319904 0.0418104 0.325923 0.0813865
0.320552 0.0421447 0.326107 0.0814274
0.321197 0.0424649 0.326289 0.0814555
0.321839 0.0427711 0.326469 0.0814708
0.322478 0.0430632 0.326648 0.0814735
0.323114 0.0433413 0.326825 0.0814635
0.323748 0.0436057 0.327002 0.081441
0.324381 0.0438563 0.327177 0.081406
0.325011 0.0440932 0.327351 0.0813587
0.32564 0.0443165 0.327524 0.0812991
0.326267 0.0445264 0.327697 0.0812273
0.326893 0.0447229 0.32787 0.0811433
0.327518 0.0449061 0.328042 0.0810474
0.328143 0.0450762 0.328214 0.0809394
0.328767 0.0452332 0.328386 0.0808196
0.32939 0.0453773 0.328558 0.0806879
0.330014 0.0455086 0.328731 0.0805446
0.330638 0.0456271 0.329137 0.0808666
0.331262 0.045733 0.329543 0.081177
0.331886 0.0458261 0.32995 0.0814756
0.332512 0.0459064 0.330358 0.0817624
0.333138 0.0459739 0.330767 0.0820373
0.333765 0.0460284 0.331177 0.0823002
0.334393 0.04607 0.331587 0.0825511
0.335022 0.0460985 0.331999 0.0827899
0.335653 0.0461139 0.332412 0.0830165
0.336286 0.0461162 0.332826 0.0832309
0.33692 0.0461052 0.333241 0.083433
0.337556 0.0460809 0.333657 0.0836228
0.338194 0.0460434 0.334076 0.0838002
0.338835 0.0459925 0.334495 0.0839651
0.339478 0.0459283 0.334916 0.0841174
0.340124 0.0458508 0.335339 0.0842571
0.340772 0.0457599 0.335764 0.0843842
0.341423 0.0456555 0.33619 0.0844985
0.342077 0.0455377 0.336619 0.0846001
0.342734 0.0454064 0.337049 0.0846887
0.343395 0.0452616 0.337334 0.0849604
0.344059 0.0451031 0.337621 0.0852191
0.344727 0.0449308 0.337911 0.0854646
0.345398 0.0447446 0.338203 0.0856968
0.346074 0.0445443 0.338497 0.0859155
0.346753 0.0443298 0.338794 0.0861208
0.347436 0.0441008 0.339095 0.0863123
0.348123 0.0438572 0.339398 0.08649
0.348816 0.0435989 0.339704 0.0866539
0.349512 0.0433256 0.340014 0.0868037
0.350214 0.0430374 0.340326 0.0869393
0.35092 0.042734 0.340643 0.0870606
0.351632 0.0424154 0.340963 0.0871676
0.35235 0.0420815 0.341286 0.08726
0.353073 0.041732 0.341614 0.0873377
0.353802 0.041367 0.341946 0.0874006
0.354536 0.0409863 0.342281 0.0874487
0.355278 0.0405897 0.342621 0.0874817
0.356025 0.0401772 0.342966 0.0874995
0.356779 0.0397486 0.343315 0.0875021
0.35754 0.0393037 0.343923 0.0876251
0.358307 0.0388424 0.344536 0.0877326
0.359081 0.0383646 0.345154 0.0878243
0.359862 0.03787 0.345777 0.0879001
0.360648 0.0373585 0.346404 0.0879599
0.361442 0.0368298 0.347037 0.0880034
0.362242 0.0362838 0.347674 0.0880306
0.363049 0.0357202 0.348316 0.0880412
0.363862 0.0351387 0.348964 0.088035
0.364682 0.0345393 0.349616 0.088012
0.365509 0.0339216 0.350274 0.0879719
0.366343 0.0332855 0.350936 0.0879146
0.367184 0.0326308 0.351604 0.0878399
0.368032 0.0319572 0.352278 0.0877477
0.368887 0.0312646 0.352956 0.0876378
0.369749 0.0305528 0.35364 0.08751
0.370618 0.0298216 0.354329 0.0873641
0.371495 0.0290708 0.355024 0.0872
0.372378 0.0283002 0.355724 0.0870176
0.373269 0.0275096 0.35643 0.0868166
0.374167 0.0266988 0.356026 0.0869371
0.375073 0.0258677 0.355628 0.0870386
0.375987 0.0250159 0.355237 0.0871208
0.376908 0.0241434 0.354852 0.0871836
0.377839 0.0232498 0.354474 0.0872266
0.378777 0.022335 0.354104 0.0872495
0.379725 0.0213985 0.353742 0.0872521
0.380683 0.0204402 0.353388 0.0872342
0.38165 0.0194598 0.353043 0.0871954
0.382627 0.0184569 0.352707 0.0871355
0.383615 0.0174313 0.35238 0.0870541
0.384614 0.0163827 0.352063 0.0869512
0.385624 0.0153107 0.351757 0.0868263
0.386645 0.014215 0.351461 0.0866792
0.387679 0.0130955 0.351177 0.0865097
0.388725 0.0119516 0.350903 0.0863174
0.389784 0.0107832 0.350642 0.0861021
0.390856 0.0095899 0.350392 0.0858636
0.391941 0.0083715 0.350156 0.0856015
0.39304 0.0071278 0.349932 0.0853157
0.394153 0.005859 0.356505 0.0755478
0.395279 0.0045674 0.363091 0.0657585
0.396415 0.0032557 0.369686 0.0559503
0.39756 0.0019268 0.37629 0.0461258
0.398712 0.0005833 0.3829 0.0362877
0.39987 -0.000772 0.389516 0.0264385
0.401031 -0.0021365 0.396134 0.0165809
0.402194 -0.0035075 0.402755 0.0067175
0.403357 -0.0048822 0.409375 -0.0031491
0.404519 -0.0062581 0.415993 -0.0130165
0.405678 -0.0076323 0.422609 -0.0228818
0.406832 -0.0090023 0.429219 -0.0327426
0.407979 -0.0103653 0.435822 -0.0425963
0.409118 -0.0117187 0.442418 -0.0524401
0.410247 -0.0130596 0.449003 -0.0622716
0.411364 -0.0143855 0.455576 -0.0720881
0.412467 -0.0156936 0.462136 -0.081887
0.413554 -0.0169812 0.468681 -0.0916657
0.414625 -0.0182455 0.475209 -0.101422
0.415677 -0.0194839 0.481719 -0.111152
0.416708 -0.0206942 0.481477 -0.110664
0.417719 -0.0218765 0.481215 -0.110149
0.41871 -0.0230312 0.480934 -0.109607
0.419681 -0.0241588 0.480634 -0.109038
0.420633 -0.0252598 0.480315 -0.108443
0.421567 -0.0263347 0.479978 -0.107823
0.422481 -0.0273839 0.479623 -0.107177
0.423378 -0.0284079 0.479251 -0.106507
0.424256 -0.029407 0.478862 -0.105813
0.425117 -0.0303818 0.478455 -0.105095
0.42596 -0.0313326 0.478033 -0.104354
0.426786 -0.0322599 0.477595 -0.103591
0.427595 -0.033164 0.477141 -0.102805
0.428387 -0.0340454 0.476671 -0.101998
0.429163 -0.0349045 0.476187 -0.10117
0.429923 -0.0357417 0.475688 -0.100321
0.430668 -0.0365576 0.475175 -0.0994516
0.431397 -0.0373524 0.474649 -0.0985629
0.43211 -0.0381267 0.474109 -0.0976549
0.432809 -0.0388809 0.473556 -0.0967283
0.433493 -0.0396154 0.473377 -0.0966485
0.434163 -0.0403305 0.473187 -0.0965508
0.434819 -0.0410267 0.472984 -0.0964353
0.435462 -0.0417041 0.472769 -0.0963023
0.436091 -0.0423631 0.472543 -0.0961521
0.436708 -0.0430038 0.472305 -0.0959847
0.437312 -0.0436265 0.472056 -0.0958006
0.437904 -0.0442313 0.471797 -0.0955999
0.438484 -0.0448185 0.471527 -0.0953828
0.439052 -0.0453883 0.471246 -0.0951496
0.439608 -0.0459408 0.470955 -0.0949004
0.440153 -0.0464762 0.470654 -0.0946356
0.440687 -0.0469948 0.470344 -0.0943553
0.441209 -0.0474966 0.470025 -0.0940598
0.441721 -0.047982 0.469696 -0.0937493
0.442223 -0.0484511 0.469359 -0.0934241
0.442715 -0.0489042 0.469012 -0.0930843
0.443196 -0.0493413 0.468658 -0.0927302
0.443668 -0.0497629 0.468295 -0.092362
0.444131 -0.0501691 0.467925 -0.0919799
0.444584 -0.0505601 0.468102 -0.0921356
0.445029 -0.0509361 0.468271 -0.0922777
0.445465 -0.0512973 0.468433 -0.0924063
0.445892 -0.0516439 0.468587 -0.0925214
0.446312 -0.0519759 0.468734 -0.0926232
0.446723 -0.0522933 0.468875 -0.0927116
0.447126 -0.0525964 0.469008 -0.0927868
0.447521 -0.052885 0.469133 -0.0928488
0.447908 -0.0531593 0.469253 -0.0928976
0.448288 -0.0534194 0.469365 -0.0929333
0.44866 -0.0536653 0.469471 -0.092956
0.449024 -0.0538971 0.46957 -0.0929658
0.449382 -0.0541148 0.469662 -0.0929626
0.449732 -0.0543185 0.469748 -0.0929467
0.450076 -0.0545084 0.469828 -0.0929179
0.450412 -0.0546844 0.469901 -0.0928764
0.450742 -0.0548467 0.469969 -0.0928223
0.451065 -0.0549953 0.47003 -0.0927555
0.451381 -0.0551304 0.470085 -0.0926762
0.451691 -0.055252 0.470134 -0.0925845
0.451995 -0.0553601 0.470422 -0.0928987
0.452293 -0.0554548 0.470704 -0.0932004
0.452585 -0.0555361 0.470981 -0.0934896
0.452871 -0.0556039 0.471252 -0.0937661
0.45315 -0.0556581 0.471516 -0.09403
0.453423 -0.0556987 0.471776 -0.0942811
0.453691 -0.0557256 0.472029 -0.0945194
0.453953 -0.0557386 0.472276 -0.0947448
0.454208 -0.0557378 0.472518 -0.0949573
0.454458 -0.0557229 0.472754 -0.0951568
0.454702 -0.0556941 0.472984 -0.0953432
0.45494 -0.0556512 0.473209 -0.0955164
0.455172 -0.0555941 0.473428 -0.0956764
0.455399 -0.0555228 0.473641 -0.0958232
0.45562 -0.0554373 0.473848 -0.0959566
0.455836 -0.0553375 0.47405 -0.0960765
0.456046 -0.0552233 0.474246 -0.096183
0.456251 -0.0550948 0.474436 -0.096276
0.45645 -0.0549518 0.474621 -0.0963553
0.456644 -0.0547943 0.4748 -0.096421
0.456833 -0.0546222 0.47499 -0.0966263
0.457016 -0.0544355 0.475174 -0.0968178
0.457194 -0.054234 0.475352 -0.0969954
0.457367 -0.0540176 0.475525 -0.0971588
0.457534 -0.0537861 0.475692 -0.097308
0.457696 -0.0535396 0.475853 -0.097443
0.457852 -0.0532776 0.476009 -0.0975635
0.458003 -0.0530002 0.47616 -0.0976695
0.458149 -0.0527072 0.476305 -0.0977608
0.45829 -0.0523984 0.476444 -0.0978373
0.458425 -0.0520737 0.476577 -0.097899
0.458555 -0.051733 0.476706 -0.0979457
0.45868 -0.0513761 0.476828 -0.0979773
0.458799 -0.0510029 0.476945 -0.0979937
0.458914 -0.0506134 0.477057 -0.0979947
0.459023 -0.0502073 0.477163 -0.0979803
0.459128 -0.0497846 0.477263 -0.0979504
0.459227 -0.0493451 0.477358 -0.0979048
0.459322 -0.0488887 0.477448 -0.0978434
0.459411 -0.0484153 0.477531 -0.0977661
0.459495 -0.0479248 0.477638 -0.0978872
0.459575 -0.0474169 0.47774 -0.0979921
0.459649 -0.0468916 0.477836 -0.0980806
0.459718 -0.0463487 0.477926 -0.0981526
0.459782 -0.0457879 0.478011 -0.0982079
0.45984 -0.0452091 0.478091 -0.0982462
0.459894 -0.044612 0.478165 -0.0982675
0.459942 -0.0439965 0.478233 -0.0982716
0.459985 -0.0433622 0.478296 -0.0982582
0.460023 -0.042709 0.478353 -0.0982272
0.460055 -0.0420366 0.478405 -0.0981784
0.460082 -0.0413449 0.478451 -0.0981117
0.460103 -0.0406335 0.478492 -0.0980268
0.46012 -0.0399023 0.478528 -0.0979236
0.460131 -0.0391511 0.478557 -0.0978019
0.460137 -0.0383797 0.478582 -0.0976615
0.460137 -0.0375878 0.4786 -0.0975022
0.460132 -0.0367753 0.478614 -0.097324
0.460121 -0.035942 0.478621 -0.0971265
0.460105 -0.0350876 0.478623 -0.0969096
0.460083 -0.034212 0.478552 -0.0970811
0.460056 -0.0333149 0.478476 -0.0972328
0.460023 -0.0323961 0.478394 -0.0973642
0.459985 -0.0314554 0.478306 -0.0974752
0.459942 -0.0304924 0.478213 -0.0975655
0.459892 -0.029507 0.478115 -0.0976346
0.459838 -0.0284988 0.478011 -0.0976824
0.459777 -0.0274675 0.477902 -0.0977084
0.459711 -0.0264128 0.477787 -0.0977125
0.45964 -0.0253343 0.477667 -0.0976944
0.459563 -0.0242317 0.477542 -0.0976536
0.45948 -0.0231048 0.477411 -0.0975899
0.459392 -0.0219531 0.477275 -0.0975031
0.459298 -0.0207763 0.477133 -0.0973927
0.459199 -0.0195741 0.476987 -0.0972586
0.459094 -0.0183461 0.476835 -0.0971003
0.458983 -0.017092 0.476678 -0.0969177
0.458867 -0.0158115 0.476515 -0.0967103
0.458746 -0.0145043 0.476348 -0.096478
0.458618 -0.0131701 0.476175 -0.0962203
0.458485 -0.0118091 0.47465 -0.0859559
0.458348 -0.0104237 0.47312 -0.0756685
0.458205 -0.0090167 0.471586 -0.065361
0.458058 -0.0075909 0.470048 -0.0550361
0.457908 -0.0061491 0.468507 -0.0446965
0.457754 -0.004694 0.466963 -0.0343449
0.457597 -0.0032284 0.465416 -0.0239841
0.457438 -0.0017551 0.463867 -0.0136168
0.457277 -0.0002769 0.462316 -0.0032458
0.457114 0.0012033 0.460763 0.0071263
0.45695 0.0026831 0.45921 0.0174967
0.456786 0.0041594 0.457657 0.0278628
0.456621 0.0056296 0.456103 0.0382217
0.456457 0.0070908 0.45455 0.0485707
0.456294 0.0085402 0.452997 0.0589072
0.456131 0.009975 0.451446 0.0692283
0.45597 0.0113924 0.449896 0.0795314
0.455812 0.0127896 0.448349 0.0898137
0.455656 0.0141637 0.446804 0.100072
0.455503 0.0155119 0.445262 0.110305
0.455353 0.016832 0.445414 0.109893
0.455207 0.0181237 0.44557 0.109453
0.455064 0.0193875 0.445728 0.108985
0.454924 0.0206236 0.44589 0.108489
0.454788 0.0218324 0.446055 0.107966
0.454654 0.0230143 0.446223 0.107417
0.454524 0.0241697 0.446394 0.106842
0.454396 0.0252987 0.446567 0.106241
0.454271 0.026402 0.446743 0.105615
0.454149 0.0274797 0.446922 0.104965
0.454029 0.0285322 0.447103 0.104291
0.453912 0.02956 0.447287 0.103593
0.453797 0.0305634 0.447473 0.102872
0.453684 0.0315428 0.447661 0.102128
0.453574 0.0324985 0.447851 0.101363
0.453465 0.0334311 0.448044 0.100576
0.453359 0.0343409 0.448238 0.099768
0.453254 0.0352282 0.448435 0.0989394
0.453151 0.0360937 0.448633 0.0980907
0.453051 0.0369377 0.448833 0.0972225
0.452951 0.0377607 0.448802 0.096581
0.452853 0.0385632 0.448773 0.0959209
0.452757 0.0393458 0.448745 0.0952426
0.452663 0.0401089 0.448719 0.0945464
0.45257 0.0408531 0.448695 0.0938328
0.452479 0.0415789 0.448672 0.0931023
0.452389 0.0422865 0.448651 0.0923552
0.452302 0.0429766 0.448632 0.091592
0.452215 0.0436494 0.448613 0.090813
0.452131 0.0443054 0.448597 0.0900188
0.452049 0.0449449 0.448582 0.0892096
0.451968 0.0455685 0.448568 0.088386
0.451888 0.0461765 0.448556 0.0875484
0.451811 0.0467693 0.448545 0.0866972
0.451735 0.0473474 0.448535 0.0858327
0.451661 0.0479111 0.448528 0.0849555
0.451589 0.048461 0.448521 0.084066
0.451519 0.0489973 0.448516 0.0831644
0.45145 0.0495207 0.448512 0.0822514
0.451383 0.0500315 0.44851 0.0813273
0.451318 0.0505302 0.448648 0.0815844
0.451254 0.051017 0.448787 0.0818309
0.451192 0.051492 0.448927 0.0820669
0.451132 0.0519554 0.449069 0.0822923
0.451073 0.0524073 0.449211 0.0825073
0.451016 0.0528478 0.449355 0.082712
0.45096 0.0532769 0.4495 0.0829062
0.450905 0.0536947 0.449646 0.0830903
0.450852 0.0541014 0.449792 0.0832641
0.4508 0.0544968 0.44994 0.0834277
0.45075 0.0548813 0.450088 0.0835812
0.450701 0.0552547 0.450236 0.0837247
0.450652 0.0556173 0.450386 0.0838583
0.450605 0.0559692 0.450536 0.0839818
0.45056 0.0563103 0.450686 0.0840956
0.450515 0.0566409 0.450837 0.0841995
0.450472 0.056961 0.450989 0.0842937
0.450429 0.0572707 0.451141 0.0843781
0.450388 0.0575701 0.451293 0.084453
0.450347 0.0578593 0.451445 0.0845182
0.450308 0.0581384 0.451502 0.0848252
0.450269 0.0584074 0.451558 0.0851226
0.450231 0.0586664 0.451616 0.0854104
0.450193 0.0589154 0.451673 0.0856887
0.450156 0.0591543 0.45173 0.0859574
0.45012 0.0593832 0.451787 0.0862165
0.450084 0.0596018 0.451844 0.0864659
0.450049 0.0598104 0.451901 0.0867057
0.450014 0.0600087 0.451958 0.0869358
0.44998 0.0601968 0.452015 0.0871563
0.449947 0.0603746 0.452072 0.087367
0.449913 0.0605423 0.452129 0.087568
0.44988 0.0606997 0.452186 0.0877593
0.449848 0.0608468 0.452242 0.0879408
0.449816 0.0609838 0.452298 0.0881126
0.449784 0.0611105 0.452354 0.0882746
0.449753 0.061227 0.45241 0.0884267
0.449722 0.0613333 0.452465 0.088569
0.449691 0.0614294 0.45252 0.0887015
0.449661 0.0615152 0.452575 0.0888241
0.449631 0.0615908 0.452513 0.0889307
0.449601 0.0616561 0.45245 0.0890274
0.449571 0.0617112 0.452388 0.0891141
0.449541 0.061756 0.452325 0.089191
0.449512 0.0617905 0.452262 0.0892578
0.449482 0.0618146 0.452198 0.0893147
0.449452 0.0618282 0.452134 0.0893617
0.449423 0.0618313 0.452069 0.0893986
0.449394 0.0618238 0.452005 0.0894255
0.449364 0.0618057 0.451939 0.0894424
0.449335 0.0617769 0.451874 0.0894492
0.449305 0.0617374 0.451808 0.089446
0.449276 0.0616872 0.451742 0.0894327
0.449247 0.0616261 0.451676 0.0894093
0.449218 0.0615542 0.451609 0.0893757
0.449188 0.0614715 0.451542 0.0893321
0.449159 0.0613779 0.451474 0.0892783
0.44913 0.0612734 0.451407 0.0892143
0.449101 0.0611579 0.451339 0.0891401
0.449072 0.0610315 0.451271 0.0890558
0.449043 0.060894 0.451126 0.0890121
0.449013 0.0607456 0.45098 0.0889581
0.448984 0.0605861 0.450835 0.0888939
0.448954 0.0604157 0.450689 0.0888194
0.448925 0.0602342 0.450543 0.0887345
0.448895 0.0600416 0.450397 0.0886393
0.448866 0.0598377 0.450251 0.0885336
0.448836 0.0596226 0.450105 0.0884175
0.448806 0.0593961 0.449959 0.088291
0.448776 0.0591581 0.449813 0.0881539
0.448746 0.0589085 0.449667 0.0880063
0.448716 0.0586473 0.44952 0.0878482
0.448686 0.0583744 0.449374 0.0876794
0.448656 0.0580897 0.449228 0.0875001
0.448626 0.0577932 0.449083 0.08731
0.448595 0.0574848 0.448937 0.0871093
0.448565 0.0571644 0.448792 0.0868979
0.448534 0.056832 0.448647 0.0866757
0.448503 0.0564875 0.448502 0.0864427
0.448472 0.0561309 0.448357 0.0861989
0.448441 0.0557621 0.448162 0.0862082
0.44841 0.0553811 0.447968 0.0862065
0.448379 0.054988 0.447774 0.0861938
0.448347 0.0545827 0.447581 0.0861698
0.448316 0.0541651 0.447388 0.0861346
0.448285 0.053735 0.447195 0.086088
0.448255 0.0532925 0.447003 0.0860298
0.448224 0.0528373 0.446812 0.08596
0.448194 0.0523693 0.446622 0.0858785
0.448164 0.0518883 0.446432 0.0857851
0.448134 0.0513943 0.446243 0.0856797
0.448105 0.0508871 0.446055 0.0855622
0.448076 0.0503665 0.445867 0.0854326
0.448048 0.0498324 0.445681 0.0852906
0.44802 0.0492847 0.445495 0.0851362
0.447992 0.0487233 0.445311 0.0849693
0.447965 0.0481479 0.445127 0.0847898
0.447939 0.0475585 0.444945 0.0845975
0.447913 0.046955 0.444763 0.0843923
0.447888 0.0463373 0.444583 0.0841741
0.447863 0.0457055 0.444607 0.0793463
0.44784 0.045061 0.444631 0.0745068
0.447817 0.044405 0.444657 0.0696567
0.447795 0.0437391 0.444684 0.0647973
0.447774 0.0430644 0.444712 0.05993
0.447754 0.0423825 0.444741 0.055056
0.447734 0.0416946 0.444772 0.0501767
0.447716 0.041002 0.444803 0.0452932
0.447698 0.0403061 0.444835 0.0404069
0.447682 0.0396082 0.444869 0.0355191
0.447666 0.0389095 0.444904 0.030631
0.447651 0.0382115 0.444939 0.025744
0.447637 0.0375154 0.444976 0.0208592
0.447624 0.0368225 0.445014 0.0159781
0.447611 0.0361342 0.445053 0.0111018
0.4476 0.0354518 0.445092 0.0062317
0.447589 0.0347767 0.445133 0.001369
0.44758 0.0341102 0.445174 -0.0034848
0.447571 0.0334536 0.445217 -0.0083287
0.447563 0.0328083 0.44526 -0.0131613
0.447556 0.0321753 0.445304 -0.013256
0.447549 0.0315549 0.445349 -0.0133382
0.447544 0.0309468 0.445394 -0.0134082
0.447539 0.0303509 0.44544 -0.0134661
0.447535 0.0297672 0.445487 -0.0135119
0.447532 0.0291954 0.445535 -0.013546
0.44753 0.0286355 0.445584 -0.0135684
0.447528 0.0280872 0.445633 -0.0135792
0.447527 0.0275504 0.445684 -0.0135787
0.447527 0.0270251 0.445734 -0.0135669
0.447528 0.026511 0.445786 -0.0135441
0.447529 0.026008 0.445839 -0.0135103
0.44753 0.0255159 0.445892 -0.0134658
0.447533 0.0250347 0.445945 -0.0134107
0.447536 0.0245642 0.446 -0.0133451
0.44754 0.0241043 0.446055 -0.0132692
0.447545 0.0236548 0.446111 -0.0131831
0.447549 0.0232157 0.446167 -0.013087
0.447555 0.0227867 0.446224 -0.0129811
0.447561 0.0223677 0.446281 -0.0128654
0.447568 0.0219586 0.446331 -0.0128014
0.447576 0.0215593 0.44638 -0.012728
0.447584 0.0211696 0.446431 -0.0126452
0.447592 0.0207895 0.446481 -0.0125533
0.447601 0.0204188 0.446533 -0.0124524
0.44761 0.0200574 0.446584 -0.0123426
0.44762 0.019705 0.446637 -0.012224
0.44763 0.0193617 0.446689 -0.0120968
0.447641 0.0190272 0.446743 -0.0119611
0.447652 0.0187015 0.446796 -0.011817
0.447664 0.0183843 0.44685 -0.0116647
0.447676 0.0180756 0.446905 -0.0115043
0.447688 0.0177752 0.44696 -0.0113359
0.447701 0.017483 0.447015 -0.0111596
0.447715 0.0171988 0.447071 -0.0109757
0.447728 0.0169227 0.447127 -0.0107842
0.447742 0.0166543 0.447183 -0.0105853
0.447756 0.0163937 0.44724 -0.010379
0.447771 0.0161406 0.447297 -0.0101656
0.447786 0.015895 0.447354 -0.0099452
0.447801 0.0156567 0.447402 -0.0097818
0.447817 0.0154256 0.447451 -0.0096117
0.447832 0.0152017 0.4475 -0.0094349
0.447848 0.0149847 0.447549 -0.0092515
0.447865 0.0147746 0.447599 -0.0090616
0.447881 0.0145712 0.447648 -0.0088654
0.447898 0.0143745 0.447698 -0.008663
0.447915 0.0141844 0.447748 -0.0084545
0.447932 0.0140006 0.447799 -0.00824
0.447949 0.013823 0.447849 -0.0080195
0.447967 0.0136517 0.4479 -0.0077933
0.447985 0.0134863 0.447951 -0.0075614
0.448002 0.0133269 0.448002 -0.007324
0.44802 0.0131734 0.448053 -0.0070812
0.448039 0.0130255 0.448105 -0.006833
0.448057 0.0128832 0.448156 -0.0065796
0.448075 0.0127464 0.448208 -0.0063211
0.448094 0.012615 0.448259 -0.0060576
0.448113 0.0124889 0.448311 -0.0057893
0.448131 0.0123679 0.448363 -0.0055162
0.44815 0.0122519 0.448406 -0.0053036
0.448169 0.0121409 0.448449 -0.0050866
0.448188 0.0120347 0.448492 -0.004865
0.448207 0.0119333 0.448535 -0.0046391
0.448226 0.0118366 0.448578 -0.004409
0.448245 0.0117444 0.448622 -0.0041746
0.448264 0.0116567 0.448665 -0.0039362
0.448283 0.0115733 0.448708 -0.0036937
0.448302 0.0114942 0.448751 -0.0034474
0.448321 0.0114192 0.448795 -0.0031973
0.44834 0.0113483 0.448838 -0.0029434
0.44836 0.0112814 0.448881 -0.002686
0.448379 0.0112183 0.448924 -0.002425
0.448398 0.0111589 0.448968 -0.0021605
0.448416 0.0111033 0.449011 -0.0018928
0.448435 0.0110512 0.449054 -0.0016218
0.448454 0.0110026 0.449097 -0.0013476
0.448473 0.0109573 0.44914 -0.0010704
0.448492 0.0109154 0.449183 -0.0007902
0.448511 0.0108766 0.449226 -0.0005071
0.448529 0.010841 0.44926 -0.0002856
0.448548 0.0108084 0.449294 -6.14e-05
0.448566 0.0107787 0.449329 0.0001653
0.448584 0.0107519 0.449363 0.0003946
0.448603 0.0107279 0.449397 0.0006265
0.448621 0.0107067 0.44943 0.0008608
0.448639 0.0106881 0.449464 0.0010974
0.448656 0.010672 0.449498 0.0013363
0.448674 0.0106584 0.449531 0.0015773
0.448692 0.0106472 0.449564 0.0018205
0.448709 0.0106383 0.449598 0.0020657
0.448726 0.0106316 0.449631 0.0023129
0.448743 0.0106271 0.449664 0.002562
0.44876 0.0106246 0.449696 0.0028129
0.448777 0.0106242 0.449729 0.0030656
0.448793 0.0106256 0.449761 0.0033199
0.44881 0.0106289 0.449794 0.0035758
0.448826 0.010634 0.449826 0.0038333
0.448842 0.0106407 0.449858 0.0040922
0.448858 0.010649 0.449889 0.0043525
0.448873 0.0106589 0.449913 0.0045527
0.448889 0.0106702 0.449937 0.0047543
0.448904 0.010683 0.449961 0.004957
0.448919 0.0106972 0.449984 0.0051609
0.448934 0.0107127 0.450007 0.0053658
0.448948 0.0107294 0.45003 0.0055718
0.448963 0.0107473 0.450053 0.0057788
0.448977 0.0107664 0.450075 0.0059866
0.448991 0.0107865 0.450098 0.0061954
0.449004 0.0108076 0.45012 0.0064049
0.449018 0.0108296 0.450142 0.0066152
0.449031 0.0108525 0.450163 0.0068262
0.449044 0.0108762 0.450185 0.0070378
0.449056 0.0109007 0.450206 0.00725
0.449069 0.0109258 0.450227 0.0074628
0.449081 0.0109516 0.450248 0.007676
0.449093 0.0109779 0.450268 0.0078897
0.449105 0.0110048 0.450288 0.0081037
0.449116 0.0110321 0.450308 0.008318
0.449127 0.0110597 0.450328 0.0085326
0.449138 0.0110878 0.450341 0.0086912
0.449149 0.0111161 0.450354 0.0088499
0.449159 0.0111447 0.450367 0.0090088
0.449169 0.0111735 0.450379 0.0091677
0.449179 0.0112026 0.450391 0.0093267
0.449188 0.0112318 0.450403 0.0094857
0.449197 0.0112611 0.450414 0.0096447
0.449206 0.0112904 0.450425 0.0098036
0.449215 0.0113198 0.450436 0.0099624
0.449223 0.0113491 0.450447 0.0101211
0.449231 0.0113784 0.450458 0.0102796
0.449239 0.0114075 0.450468 0.0104378
0.449246 0.0114365 0.450478 0.0105958
0.449254 0.0114652 0.450487 0.0107536
0.449261 0.0114937 0.450497 0.010911
0.449267 0.0115218 0.450506 0.011068
0.449274 0.0115497 0.450515 0.0112246
0.44928 0.0115771 0.450524 0.0113807
0.449286 0.0116041 0.450532 0.0115364
0.449291 0.0116306 0.45054 0.0116916
0.449296 0.0116567 0.450543 0.0117967
0.449301 0.0116822 0.450545 0.0119012
0.449306 0.0117071 0.450547 0.0120051
0.44931 0.0117316 0.450549 0.0121084
0.449314 0.0117554 0.450551 0.012211
0.449318 0.0117787 0.450552 0.0123129
0.449321 0.0118013 0.450553 0.0124142
0.449324 0.0118232 0.450554 0.0125147
0.449327 0.0118445 0.450554 0.0126145
0.44933 0.011865 0.450554 0.0127135
0.449332 0.0118847 0.450554 0.0128117
0.449334 0.0119037 0.450554 0.0129091
0.449335 0.0119218 0.450553 0.0130057
0.449337 0.0119391 0.450553 0.0131014
0.449338 0.0119555 0.450551 0.0131962
0.449339 0.011971 0.45055 0.0132902
0.449339 0.0119855 0.450548 0.0133832
0.44934 0.0119991 0.450547 0.0134752
0.44934 0.0120117 0.450544 0.0135663
0.449339 0.0120233 0.450542 0.0136563
0.449339 0.0120338 0.450535 0.0137037
0.449338 0.0120434 0.450529 0.0137501
0.449337 0.0120519 0.450522 0.0137955
0.449335 0.0120593 0.450514 0.0138398
0.449333 0.0120658 0.450507 0.013883
0.449331 0.0120711 0.450499 0.0139251
0.449329 0.0120754 0.450491 0.0139662
0.449326 0.0120786 0.450483 0.0140062
0.449323 0.0120807 0.450474 0.014045
0.44932 0.0120817 0.450465 0.0140828
0.449317 0.0120815 0.450456 0.0141194
0.449313 0.0120801 0.450447 0.0141549
0.449309 0.0120776 0.450437 0.0141893
0.449305 0.0120738 0.450427 0.0142225
0.4493 0.0120689 0.450418 0.0142545
0.449296 0.0120627 0.450407 0.0142853
0.449291 0.0120552 0.450397 0.014315
0.449285 0.0120465 0.450386 0.0143435
0.44928 0.0120366 0.450375 0.0143707
0.449274 0.0120254 0.450364 0.0143967
0.449268 0.0120128 0.45035 0.0143884
0.449262 0.011999 0.450336 0.0143788
0.449255 0.011984 0.450321 0.014368
0.449249 0.0119677 0.450307 0.014356
0.449242 0.0119501 0.450292 0.0143427
0.449234 0.0119313 0.450277 0.0143282
0.449227 0.0119113 0.450262 0.0143125
0.449219 0.0118899 0.450246 0.0142955
0.449211 0.0118673 0.45023 0.0142773
0.449203 0.0118434 0.450215 0.0142579
0.449194 0.0118182 0.450198 0.0142373
0.449186 0.0117918 0.450182 0.0142154
0.449177 0.011764 0.450166 0.0141922
0.449168 0.0117349 0.450149 0.0141679
0.449159 0.0117045 0.450132 0.0141423
0.449149 0.0116727 0.450115 0.0141155
0.449139 0.0116397 0.450098 0.0140874
0.449129 0.0116053 0.45008 0.0140581
0.449119 0.0115696 0.450063 0.0140276
0.449109 0.0115326 0.450045 0.0139958
0.449098 0.0114943 0.450025 0.0139382
0.449088 0.0114547 0.450006 0.0138794
0.449077 0.0114138 0.449986 0.0138194
0.449066 0.0113716 0.449966 0.0137582
0.449054 0.0113282 0.449946 0.0136957
0.449043 0.0112836 0.449926 0.0136321
0.449031 0.0112377 0.449906 0.0135672
0.449019 0.0111905 0.449885 0.0135012
0.449007 0.0111422 0.449865 0.013434
0.448995 0.0110925 0.449844 0.0133656
0.448982 0.0110417 0.449823 0.013296
0.44897 0.0109896 0.449802 0.0132253
0.448957 0.0109362 0.44978 0.0131535
0.448944 0.0108816 0.449759 0.0130805
0.448931 0.0108258 0.449737 0.0130063
0.448918 0.0107688 0.449716 0.0129311
0.448904 0.0107106 0.449694 0.0128547
0.448891 0.0106511 0.449672 0.0127772
0.448877 0.0105905 0.44965 0.0126986
0.448864 0.0105286 0.449627 0.0126189
0.44885 0.0104656 0.449605 0.0125217
0.448835 0.0104014 0.449582 0.0124234
0.448821 0.0103361 0.449559 0.012324
0.448807 0.0102696 0.449536 0.0122236
0.448792 0.0102021 0.449513 0.0121222
0.448778 0.0101335 0.44949 0.0120197
0.448763 0.0100638 0.449466 0.0119162
0.448748 0.0099931 0.449443 0.0118117
0.448733 0.0099212 0.44942 0.0117062
0.448718 0.0098483 0.449396 0.0115997
0.448703 0.0097744 0.449372 0.0114922
0.448687 0.0096994 0.449348 0.0113838
0.448672 0.0096234 0.449324 0.0112744
0.448657 0.0095463 0.4493 0.0111641
0.448641 0.0094683 0.449276 0.0110529
0.448625 0.0093892 0.449252 0.0109407
0.448609 0.0093092 0.449228 0.0108277
0.448593 0.0092282 0.449204 0.0107137
0.448578 0.0091462 0.449179 0.0105989
0.448562 0.0090632 0.449155 0.0104832
0.448545 0.0089793 0.449131 0.0103577
0.448529 0.0088945 0.449107 0.0102314
0.448513 0.0088089 0.449083 0.0101042
0.448497 0.0087223 0.449059 0.0099762
0.44848 0.008635 0.449034 0.0098475
0.448464 0.0085468 0.44901 0.0097179
0.448447 0.0084578 0.448986 0.0095876
0.448431 0.0083679 0.448962 0.0094566
0.448414 0.0082773 0.448937 0.0093248
0.448397 0.0081859 0.448913 0.0091923
0.44838 0.0080938 0.448888 0.0090591
0.448364 0.0080008 0.448864 0.0089252
0.448347 0.0079072 0.448839 0.0087906
0.44833 0.0078128 0.448815 0.0086554
0.448313 0.0077176 0.44879 0.0085195
0.448296 0.0076218 0.448765 0.008383
0.448279 0.0075253 0.448741 0.0082459
0.448262 0.0074281 0.448716 0.0081081
0.448245 0.0073302 0.448691 0.0079698
0.448228 0.0072317 0.448667 0.007831
0.448211 0.0071326 0.448643 0.0076889
0.448194 0.0070328 0.44862 0.0075463
0.448177 0.0069325 0.448596 0.0074032
0.44816 0.0068317 0.448573 0.0072595
0.448143 0.0067303 0.448549 0.0071154
0.448126 0.0066284 0.448526 0.0069708
0.448109 0.006526 0.448502 0.0068258
0.448091 0.0064232 0.448478 0.0066802
0.448074 0.0063198 0.448455 0.0065343
0.448057 0.006216 0.448431 0.006388
0.44804 0.0061117 0.448408 0.0062412
0.448023 0.006007 0.448384 0.0060941
0.448006 0.0059019 0.448361 0.0059466
0.447989 0.0057964 0.448337 0.0057987
0.447972 0.0056904 0.448314 0.0056505
0.447955 0.0055841 0.448291 0.005502
0.447938 0.0054775 0.448267 0.0053532
0.447921 0.0053705 0.448244 0.0052041
0.447904 0.0052631 0.448221 0.0050547
0.447887 0.0051555 0.448197 0.0049051
0.447871 0.0050476 0.448176 0.0047577
0.447854 0.0049394 0.448154 0.00461
0.447837 0.0048309 0.448133 0.0044622
0.44782 0.0047223 0.448111 0.0043142
0.447804 0.0046134 0.448089 0.0041659
0.447787 0.0045044 0.448068 0.0040175
0.44777 0.0043952 0.448047 0.003869
0.447754 0.0042858 0.448025 0.0037203
0.447737 0.0041762 0.448004 0.0035715
0.447721 0.0040666 0.447983 0.0034226
0.447704 0.0039568 0.447962 0.0032736
0.447688 0.0038469 0.447941 0.0031245
0.447672 0.0037369 0.44792 0.0029753
0.447656 0.0036268 0.447899 0.0028261
0.44764 0.0035166 0.447878 0.0026769
0.447624 0.0034065 0.447857 0.0025276
0.447608 0.0032962 0.447836 0.0023784
0.447592 0.003186 0.447815 0.0022291
0.447576 0.0030757 0.447795 0.0020799
0.44756 0.0029655 0.447774 0.0019307
0.447545 0.0028553 0.447755 0.0017878
0.447529 0.0027452 0.447737 0.001645
0.447513 0.0026351 0.447718 0.0015023
0.447498 0.0025251 0.4477 0.0013597
0.447483 0.0024153 0.447681 0.0012172
0.447467 0.0023055 0.447663 0.0010748
0.447452 0.0021959 0.447645 0.0009325
0.447437 0.0020864 0.447627 0.0007904
0.447422 0.0019771 0.447609 0.0006485
0.447407 0.0018679 0.447591 0.0005067
0.447392 0.001759 0.447573 0.0003651
0.447378 0.0016502 0.447555 0.0002237
0.447363 0.0015416 0.447537 8.25e-05
0.447349 0.0014332 0.44752 -5.84e-05
0.447334 0.0013251 0.447502 -0.0001991
0.44732 0.0012172 0.447485 -0.0003396
0.447306 0.0011096 0.447468 -0.0004798
0.447292 0.0010022 0.44745 -0.0006198
0.447278 0.0008952 0.447433 -0.0007594
0.447264 0.0007884 0.447416 -0.0008988
0.44725 0.000682 0.447401 -0.001029
0.447236 0.0005759 0.447386 -0.001159
0.447223 0.0004701 0.447371 -0.0012886
0.447209 0.0003647 0.447357 -0.0014179
0.447196 0.0002597 0.447342 -0.0015468
0.447183 0.0001551 0.447327 -0.0016753
0.44717 5.08e-05 0.447313 -0.0018035
0.447157 -5.29e-05 0.447299 -0.0019313
0.447144 -0.0001563 0.447284 -0.0020587
0.447131 -0.0002593 0.44727 -0.0021857
0.447119 -0.0003619 0.447256 -0.0023122
0.447106 -0.000464 0.447242 -0.0024384
0.447094 -0.0005657 0.447229 -0.0025641
0.447082 -0.0006669 0.447215 -0.0026893
0.447069 -0.0007676 0.447201 -0.0028141
0.447057 -0.0008679 0.447188 -0.0029384
0.447045 -0.0009676 0.447175 -0.0030623
0.447034 -0.0010668 0.447162 -0.0031856
0.447022 -0.0011655 0.447149 -0.0033085
0.447011 -0.0012636 0.447136 -0.0034308
0.446999 -0.0013612 0.447124 -0.0035426
0.446988 -0.0014583 0.447113 -0.0036538
0.446977 -0.0015548 0.447103 -0.0037645
0.446966 -0.0016507 0.447092 -0.0038747
0.446955 -0.001746 0.447081 -0.0039843
0.446945 -0.0018407 0.447071 -0.0040933
0.446934 -0.0019349 0.44706 -0.0042018
0.446923 -0.0020284 0.44705 -0.0043097
0.446913 -0.0021213 0.44704 -0.004417
0.446903 -0.0022136 0.44703 -0.0045238
0.446893 -0.0023052 0.44702 -0.0046299
0.446883 -0.0023962 0.44701 -0.0047355
0.446873 -0.0024866 0.447001 -0.0048404
0.446864 -0.0025763 0.446991 -0.0049448
0.446854 -0.0026654 0.446982 -0.0050485
0.446845 -0.0027538 0.446972 -0.0051515
0.446835 -0.0028415 0.446963 -0.005254
0.446826 -0.0029285 0.446954 -0.0053558
0.446817 -0.0030148 0.446945 -0.0054569
0.446809 -0.0031004 0.446937 -0.0055574
0.4468 -0.0031853 0.44693 -0.0056469
0.446791 -0.0032695 0.446923 -0.0057358
0.446783 -0.0033529 0.446916 -0.0058239
0.446775 -0.0034357 0.446909 -0.0059114
0.446767 -0.0035177 0.446902 -0.0059982
0.446759 -0.0035989 0.446896 -0.0060843
0.446751 -0.0036795 0.446889 -0.0061698
0.446743 -0.0037592 0.446883 -0.0062545
0.446735 -0.0038383 0.446877 -0.0063385
0.446728 -0.0039166 0.446871 -0.0064218
0.44672 -0.0039941 0.446865 -0.0065045
0.446713 -0.0040708 0.446859 -0.0065864
0.446706 -0.0041468 0.446854 -0.0066676
0.446699 -0.004222 0.446848 -0.0067481
0.446692 -0.0042965 0.446843 -0.0068278
0.446686 -0.0043701 0.446838 -0.0069068
0.446679 -0.004443 0.446832 -0.0069851
0.446673 -0.004515 0.446827 -0.0070627
0.446667 -0.0045863 0.446823 -0.0071395
0.446661 -0.0046567 0.446818 -0.0072156
0.446661 -0.0046567 0.446818 -0.0072156
